50
9792
19569
13013
10983
11110
15063
7362
18062
15531
24008
12426
17110
15920
20944
14871
14719
12762
9705
24858
14337
21046
9717
18501
16823
5947
11910
16470
23803
16542
19287
11654
14350
12255
19726
20944
14854
22051
24780
19347
6784
19151
18677
8326
19213
5273
19203
17744
23050
13788
19397
9353
11906
18400
18435
24011
12917
9279
10382
21076
22183
10047
18996
15770
16315
13896
24358
21411
12523
21009
9518
6257
16728
11328
6481
10491
8025
15267
15139
5906
9159
6096
7502
12151
13631
20608
19340
24533
8645
16090
8457
24081
23193
19051
24218
16098
9827
14198
14555
21891
10445
